Matrix A Before:
  2.00  2.00  1.00  1.00  1.00
  1.00  2.00  1.00  2.00  2.00
  2.00  1.00  5.00  2.00  4.00
 -3.00 -3.00 -3.00 -3.00 -3.00


Row Index with func1 = 3
Matrix A After:
  1.00  1.00  1.00  2.00  2.00
  2.00  2.00  1.00  2.00  1.00
  2.00  1.00  5.00  2.00  4.00
 -3.00 -3.00 -3.00 -3.00 -3.00


Row Index with func2 = 3
Matrix A After:
  1.00  1.00  1.00  2.00  2.00
  2.00  2.00  1.00  2.00  1.00
  2.00  1.00  5.00  2.00  4.00
 -3.00 -3.00 -3.00 -3.00 -3.00


###########################==========###########################


Matrix B Before:
  1.11  1.12  1.13  1.14  1.17
  1.00  1.00  1.00  1.50  1.00
  1.91  1.92  1.90  1.97  1.90
  1.51  1.52  2.10  1.52  1.54
 -1.00  2.10  2.10  3.00 -4.00


Row Index with func1 = 3
Matrix B After:
  1.17  1.14  1.13  1.12  1.11
  1.00  1.50  1.00  1.00  1.00
  1.91  1.92  1.90  1.97  1.90
  1.51  1.52  2.10  1.52  1.54
 -1.00  2.10  2.10  3.00 -4.00


Row Index with func2 = 5
Matrix B After:
  1.17  1.14  1.13  1.12  1.11
  1.00  1.50  1.00  1.00  1.00
  1.90  1.97  1.90  1.92  1.91
  1.54  1.52  2.10  1.52  1.51
 -1.00  2.10  2.10  3.00 -4.00


###########################==========###########################


